TEST	0001	0000000001	FD121C00F8FF12E0	2000	2000	1
900	900	0000000002	00013482	414	7946	1
151Ab	151Ab	0000000006	00012674	417	2017	1
141A	141A	0000000009	00012415	164	3188	1
141A	141A	0000000010	00013082	238	13228	1
811	811	0000000016	00013108	30	12174	1
121D	121D	0000000017	00012247	516	12156	1
331	331	0000000020	00013066	500	17643	1
900	900	0000000034	00012210	945	5446	1
900	900	0000000047	00012416	126	16708	1
900	900	0000000054	00013180	147	5376	1
500	500	0000000065	00013083	484	9413	1
141A	141A	0000000075	00013084	786	13465	1
151E	151E	0000000078	00012862	868	1717	1
131C	131C	0000000159	00012408	287	5043	1
121B	121B	0000000175	00012212	249	2345	1
121E	121E	0000000185	00012268	988	1911	1
231C	231C	0000000220	00013022	253	13459	1
900	900	0000000244	00013181	487	2162	1
511	511	0000000249	00013085	106	16234	1
861	861	0000000252	00013168	534	10499	1
111111	111111	0000000268	00012052	100	1770	1
231B	231B	0000000272	00013012	262	12400	1
211D	211D	0000000294	00012968	318	3982	1
141D	141D	0000000473	00012621	512	5917	1
861	861	0000000483	00013169	727	3716	1
322	322	0000000484	00013495	32	3744	1
111Bb	111Bb	0000000527	00012126	263	6480	1
141D	141D	0000000532	00012622	625	4770	1
141B	141B	0000000579	00012460	121	2323	1
231B	231B	0000000582	00013013	483	1759	1
131B	131B	0000000584	00012395	77	9308	1
861	861	0000000643	00013170	711	1129	1
861	861	0000000644	00013171	627	6711	1
861	861	0000000694	00013172	112	15135	1
121C	121C	0000000709	00012227	707	7767	1
111Bb	111Bb	0000000727	00012127	8	9843	1
900	900	0000000728	00012001	270	14046	1
211C	211C	0000000729	00012939	516	4807	1
900	900	0000000738	00012736	267	10090	1
151B	151B	0000000740	00012737	273	13929	1
151B	151B	0000000753	00012738	166	645	1
141A	141A	0000000767	00012417	214	6703	1
151B	151B	0000000814	00012739	549	9634	1
241C	241C	0000000820	00013058	30	14239	1
231B	231B	0000000827	00013288	585	8024	1
821	821	0000000831	00013120	781	9772	1
231A	231A	0000000838	00013008	115	11432	1
861	861	0000000847	00013173	31	17324	1
151Aa	151Aa	0000000864	00012649	583	7982	1
211B	211B	0000000867	00013281	224	3785	1
111A	111A	0000000888	00012055	833	3218	1
131131	131131	0000000918	00012331	603	18655	1
851A	851A	0000000937	00012007	265	18275	1
241B	241B	0000000977	00013035	321	19606	1
100	100	0000000986	00012003	620	13390	1
851A	851A	0000001029	00013292	157	2528	1
521A	521A	0000001042	00013651	746	9110	1
111A	111A	0000001062	00012056	773	13129	1
221B	221B	0000001064	00013003	146	2932	1
151Aa	151Aa	0000001102	00013461	345	6326	1
511	511	0000001146	00013086	536	3353	1
811	811	0000001150	00013109	163	7729	1
861	861	0000001208	00013174	159	12211	1
111Bb	111Bb	0000001234	00012128	831	821	1
900	900	0000001244	00013183	864	11832	1
151B	151B	0000001286	00013550	405	7854	1
111Ba	111Ba	0000001359	00012104	172	3604	1
320	320	0000001398	00012004	589	16160	1
191	191	0000001411	00012887	47	5197	1
231B	231B	0000001414	00013289	699	16440	1
141D	141D	0000001424	00012623	336	15919	1
141A	141A	0000001425	00012418	267	18292	1
231B	231B	0000001437	00013014	97	8599	1
821	821	0000001449	00013121	253	7384	1
211E	211E	0000001450	00012994	989	18545	1
121A	121A	0000001469	00013549	366	14413	1
151B	151B	0000001480	00012741	718	15567	1
811	811	0000001523	00013480	347	5998	1
231B	231B	0000001525	00013015	739	18095	1
231B	231B	0000001531	00013016	940	2810	1
211A	211A	0000001575	00012921	166	7444	1
151Aa	151Aa	0000001578	00012650	914	1872	1
121A	121A	0000001583	00012006	986	11323	1
141B	141B	0000001626	00012461	650	19398	1
151B	151B	0000001652	00012742	97	2670	1
131B	131B	0000001702	00012396	105	18489	1
231C	231C	0000001708	00013023	364	5819	1
320	320	0000001709	00013295	940	636	1
121E	121E	0000001766	00012269	137	14893	1
211Db	211Db	0000001815	00012987	198	14290	1
811	811	0000001835	00013110	494	6796	1
121B	121B	0000001838	00012213	567	13067	1
821	821	0000001868	00012008	590	13687	1
811	811	0000001878	00013111	58	10426	1
131C	131C	0000001899	00012409	146	19496	1
141D	141D	0000001901	00012624	889	12534	1
821	821	0000001916	00013122	863	1939	1
141B	141B	0000001958	00013387	619	17962	1
151Ab	151Ab	0000001961	00012676	444	12979	1
141A	141A	0000001962	00012419	103	1448	1
313	313	0000002020	00013201	58	4813	1
100	100	0000002039	00013422	305	8968	1
141A	141A	0000002046	00012420	214	6135	1
121B	121B	0000002099	00012214	707	10833	1
121121	121121	0000002143	00013139	985	10894	1
111111	111111	0000002157	00012053	362	15673	1
141B	141B	0000002160	00012462	68	14900	1
151B	151B	0000002171	00012743	369	8368	1
851A	851A	0000002175	00013293	549	4083	1
111A	111A	0000002195	00012057	495	4238	1
121E	121E	0000002231	00013313	900	1947	1
111Ba	111Ba	0000002248	00012105	770	19045	1
314A	314A	0000002272	00013209	777	7100	1
314A	314A	0000002276	00013710	328	4324	1
211B	211B	0000002281	00012005	703	19670	1
131A	131A	0000002300	00012343	833	12399	1
861	861	0000002320	00013175	460	15776	1
131131	131131	0000002337	00012332	543	13124	1
131C	131C	0000002340	00012410	649	10776	1
511	511	0000002341	00013087	359	3132	1
131131	131131	0000002351	00012333	304	8440	1
131C	131C	0000002369	00013381	204	17990	1
841	841	0000002370	00013141	64	13835	1
841	841	0000002374	00012009	590	18885	1
121A	121A	0000002387	00013378	475	12571	1
121A	121A	0000002411	00012306	861	5375	1
191	191	0000002444	00012888	743	2289	1
191	191	0000002452	00013407	190	6732	1
121A	121A	0000002463	00013267	198	7810	1
141B	141B	0000002509	00013510	372	7277	1
121E	121E	0000002510	00013148	942	19329	1
141D	141D	0000002535	00012625	906	18962	1
811	811	0000002536	00013112	478	6444	1
314A	314A	0000002555	00013671	151	15761	1
211Da	211Da	0000002558	00013408	510	19473	1
861	861	0000002560	00013176	801	13681	1
121D	121D	0000002565	00012248	802	19901	1
131A	131A	0000002587	00013499	250	7547	1
511	511	0000002605	00013290	772	2253	1
231B	231B	0000002628	00013017	399	4931	1
314A	314A	0000002634	00013142	499	17403	1
311	311	0000002642	00013189	49	3418	1
314B	314B	0000002657	00013213	961	2115	1
821	821	0000002658	00013412	926	18378	1
821	821	0000002678	00013123	178	7615	1
221B	221B	0000002685	00013004	467	3203	1
211Ca	211Ca	0000002696	00013283	207	15864	1
841	841	0000002717	00013143	327	14782	1
151B	151B	0000002749	00012744	255	11732	1
141B	141B	0000002785	00013388	148	844	1
821	821	0000002816	00013124	312	7741	1
321B	321B	0000002819	00013229	283	3338	1
323	323	0000002849	00013238	507	9086	1
151Ac	151Ac	0000002890	00012710	881	19712	1
131A	131A	0000002909	00012344	899	18893	1
151B	151B	0000002938	00012645	995	12488	1
191	191	0000002988	00012889	157	14275	1
141A	141A	0000003016	00012421	724	15116	1
411	411	0000003054	00013479	154	7503	1
131A	131A	0000003094	00013500	640	5043	1
151Aa	151Aa	0000003112	00013562	877	12668	1
861	861	0000003121	00013177	101	2213	1
511	511	0000003139	00013088	875	3905	1
314B	314B	0000003144	00013214	566	4686	1
331	331	0000003157	00013067	946	19515	1
211C	211C	0000003158	00013354	142	14258	1
121121	121121	0000003163	00012207	923	13560	1
141A	141A	0000003172	00013447	240	9405	1
211B	211B	0000003174	00012927	743	2149	1
111A	111A	0000003215	00012058	462	11273	1
141A	141A	0000003249	00013317	914	8769	1
151Aa	151Aa	0000003259	00012651	774	8932	1
151E	151E	0000003317	00012863	560	13661	1
841	841	0000003402	00013144	1000	5195	1
323	323	0000003404	00013239	977	15301	1
311	311	0000003423	00013572	993	19900	1
151B	151B	0000003424	00012646	962	11129	1
111A	111A	0000003436	00013366	500	17277	1
821	821	0000003438	00013125	34	10124	1
841	841	0000003465	00013145	776	15123	1
191	191	0000003480	00013279	261	14068	1
141B	141B	0000003500	00012463	328	3878	1
151E	151E	0000003542	00012864	788	11335	1
231C	231C	0000003544	00013024	140	20	1
141C	141C	0000003545	00012502	12	857	1
151C	151C	0000003548	00012647	777	4448	1
211F	211F	0000003549	00012996	153	12181	1
811	811	0000003550	00013113	382	15564	1
231C	231C	0000003551	00013025	593	5215	1
231C	231C	0000003553	00013026	497	10684	1
151C	151C	0000003554	00012785	653	12464	1
141C	141C	0000003558	00012503	24	8720	1
241C	241C	0000003560	00013357	810	16625	1
141C	141C	0000003563	00012504	631	3019	1
111C	111C	0000003564	00012159	375	12529	1
231C	231C	0000003565	00013027	240	9773	1
241C	241C	0000003566	00013059	598	14072	1
211F	211F	0000003567	00012997	65	1277	1
411	411	0000003568	00013076	737	6696	1
900	900	0000003569	00013184	842	1660	1
151C	151C	0000003574	00012787	549	18383	1
111Ca	111Ca	0000003578	00012163	242	6259	1
231C	231C	0000003580	00013028	835	19579	1
151C	151C	0000003581	00012648	675	13528	1
141C	141C	0000003587	00012505	370	15942	1
141C	141C	0000003588	00012506	335	8998	1
131A	131A	0000003589	00013443	255	109	1
141C	141C	0000003591	00012507	401	13737	1
141C	141C	0000003592	00012508	360	8544	1
151C	151C	0000003599	00012789	97	1877	1
900	900	0000003600	00012002	226	15596	1
231A	231A	0000003601	00013667	774	12906	1
141C	141C	0000003603	00012509	973	5419	1
211F	211F	0000003607	00012998	682	4827	1
141C	141C	0000003609	00013674	905	7749	1
141C	141C	0000003611	00012510	518	2738	1
861	861	0000003617	00013178	515	10839	1
141C	141C	0000003628	00012511	227	12142	1
241C	241C	0000003632	00013060	175	4356	1
841	841	0000003634	00013146	316	15025	1
111Cb	111Cb	0000003635	00012189	902	9953	1
100	100	0000003638	00013365	278	17699	1
151C	151C	0000003659	00013402	603	14182	1
151C	151C	0000003666	00012790	828	4039	1
141C	141C	0000003668	00012512	473	10911	1
111C	111C	0000003678	00012160	4	8754	1
821	821	0000003685	00013506	73	8214	1
841	841	0000003693	00013147	224	19737	1
151C	151C	0000003697	00012791	182	14049	1
141C	141C	0000003698	00012513	215	16779	1
841	841	0000003701	00012010	194	9466	1
511	511	0000003776	00013089	633	643	1
151C	151C	0000003788	00012792	473	646	1
711A	711A	0000003836	00013100	140	11887	1
141C	141C	0000003841	00013511	808	15711	1
231A	231A	0000003862	00013009	566	12533	1
841	841	0000003865	00013149	868	6191	1
141C	141C	0000003866	00012514	818	12010	1
231C	231C	0000003874	00013029	145	9644	1
241B	241B	0000003878	00013036	21	3381	1
141C	141C	0000003886	00012515	81	12334	1
151C	151C	0000003888	00013275	567	5464	1
111Cb	111Cb	0000003938	00012190	736	17776	1
231C	231C	0000003971	00013030	242	3614	1
111C	111C	0000003974	00012161	797	19758	1
151C	151C	0000003981	00012793	942	12172	1
231C	231C	0000003988	00013476	108	13433	1
151C	151C	0000003995	00012794	380	18009	1
141C	141C	0000004011	00013451	847	4050	1
141C	141C	0000004014	00012516	912	7086	1
111Ca	111Ca	0000004024	00012164	588	8545	1
411	411	0000004080	00013542	440	9750	1
314B	314B	0000004111	00013215	833	424	1
900	900	0000004122	00013186	218	5166	1
131B	131B	0000004128	00012397	33	15584	1
121A	121A	0000004177	00012307	999	7164	1
151C	151C	0000004224	00012795	95	1179	1
151C	151C	0000004242	00013403	182	3870	1
151C	151C	0000004244	00013348	939	10768	1
411	411	0000004247	00013077	787	16138	1
141C	141C	0000004258	00012517	988	2763	1
151C	151C	0000004287	00013404	971	3314	1
151C	151C	0000004307	00013520	854	7976	1
151E	151E	0000004308	00012865	549	7401	1
241C	241C	0000004318	00013061	329	131	1
141C	141C	0000004320	00012518	21	6114	1
151C	151C	0000004326	00012796	163	9099	1
811	811	0000004331	00013114	239	6371	1
231C	231C	0000004334	00013031	259	5233	1
141A	141A	0000004350	00012422	775	9759	1
151C	151C	0000004387	00013675	658	14385	1
151C	151C	0000004392	00013565	334	7306	1
141A	141A	0000004402	00013318	280	19717	1
141D	141D	0000004409	00012626	351	18533	1
191	191	0000004423	00012891	887	6838	1
211E	211E	0000004450	00013672	50	14736	1
141B	141B	0000004466	00012464	282	2105	1
331	331	0000004483	00013068	55	5726	1
141D	141D	0000004525	00012627	888	12801	1
131A	131A	0000004531	00013444	140	18647	1
221B	221B	0000004540	00013005	208	6772	1
191	191	0000004545	00012892	27	14036	1
241C	241C	0000004563	00013525	436	14449	1
811	811	0000004569	00013115	39	15813	1
211B	211B	0000004581	00012928	659	5333	1
211C	211C	0000004590	00012940	873	17905	1
841	841	0000004608	00013291	300	5063	1
141A	141A	0000004623	00012423	571	1471	1
131B	131B	0000004646	00013315	861	14031	1
323	323	0000004675	00013240	973	3944	1
141D	141D	0000004700	00013514	353	10049	1
511	511	0000004709	00013548	611	1375	1
111111	111111	0000004716	00012054	573	4460	1
231C	231C	0000004718	00013032	593	17433	1
211Db	211Db	0000004729	00012988	18	16392	1
241B	241B	0000004737	00013037	464	15959	1
313	313	0000004741	00013202	122	13717	1
131131	131131	0000004750	00012334	776	101	1
521A	521A	0000004756	00013410	88	1917	1
821	821	0000004776	00013126	211	2434	1
131131	131131	0000004783	00012335	668	17881	1
310	310	0000004806	00013187	907	16223	1
141C	141C	0000004822	00013452	33	2825	1
151C	151C	0000004865	00013668	77	2061	1
141C	141C	0000004876	00013453	536	8902	1
151C	151C	0000004892	00013460	352	9106	1
151C	151C	0000004926	00013405	559	2690	1
151C	151C	0000004936	00013469	369	13634	1
151Ac	151Ac	0000004940	00012711	991	6372	1
111Ca	111Ca	0000004941	00013431	732	11238	1
141C	141C	0000004955	00012519	135	6281	1
241C	241C	0000004999	00013358	921	13562	1
131A	131A	0000005050	00013380	93	3974	1
131A	131A	0000005079	00013445	74	4207	1
151Aa	151Aa	0000005081	00012652	374	1060	1
141A	141A	0000005099	00013319	951	13471	1
141A	141A	0000005124	00012424	517	15878	1
141B	141B	0000005144	00012465	235	13567	1
211Da	211Da	0000005155	00012969	629	7781	1
323	323	0000005185	00013241	514	7918	1
313	313	0000005188	00013677	104	18267	1
851A	851A	0000005217	00013161	976	13044	1
AP	AP	0000005335	00013679	345	10834	1
141B	141B	0000005344	00013389	330	8243	1
151B	151B	0000005355	00012745	663	4612	1
121E	121E	0000005361	00013555	279	17143	1
151Aa	151Aa	0000005366	00013398	567	12001	1
151B	151B	0000005416	00012746	678	2451	1
141B	141B	0000005435	00013559	485	8434	1
121E	121E	0000005440	00012270	643	14638	1
141B	141B	0000005443	00013272	200	7327	1
211A	211A	0000005449	00013280	680	19969	1
131B	131B	0000005500	00012398	553	16977	1
241C	241C	0000005504	00013526	622	35	1
141A	141A	0000005505	00013382	477	5516	1
131A	131A	0000005529	00012345	945	13361	1
121E	121E	0000005532	00013437	978	2220	1
151C	151C	0000005542	00013470	315	7311	1
111Ba	111Ba	0000005557	00013369	731	1474	1
111Bb	111Bb	0000005564	00012129	749	18925	1
141B	141B	0000005573	00013390	672	17979	1
141D	141D	0000005580	00012628	496	2708	1
141D	141D	0000005647	00012629	660	13545	1
191	191	0000005666	00012893	555	10651	1
211Db	211Db	0000005676	00013568	252	1099	1
111Bb	111Bb	0000005679	00012130	759	2284	1
314B	314B	0000005684	00013216	934	5645	1
191	191	0000005691	00012894	823	17710	1
191	191	0000005692	00012895	541	11977	1
141A	141A	0000005694	00012425	282	1773	1
211B	211B	0000005707	00013282	3	5848	1
322	322	0000005724	00013711	633	18619	1
351C	351C	0000005731	00013364	784	13454	1
111A	111A	0000005737	00012059	400	11812	1
191	191	0000005739	00012896	352	7274	1
141A	141A	0000005769	00012426	358	9754	1
121E	121E	0000005772	00013374	768	6814	1
111A	111A	0000005781	00013367	932	4587	1
121B	121B	0000005785	00012215	761	14636	1
121C	121C	0000005789	00013266	355	3951	1
121A	121A	0000005797	00013268	630	6521	1
141A	141A	0000005799	00013271	542	8392	1
141B	141B	0000005800	00013329	740	11132	1
151B	151B	0000005805	00012747	671	11307	1
151Ab	151Ab	0000005814	00012677	534	10590	1
191	191	0000005819	00013524	728	4777	1
121A	121A	0000005832	00012308	454	18907	1
231B	231B	0000005833	00013018	966	4392	1
111Ba	111Ba	0000005843	00013424	251	6341	1
141D	141D	0000005844	00013338	301	3570	1
111Ba	111Ba	0000005846	00012106	25	7190	1
111Ba	111Ba	0000005850	00013528	100	15958	1
111Bb	111Bb	0000005854	00012131	723	4134	1
231B	231B	0000005866	00013019	458	3935	1
121A	121A	0000005874	00013269	351	8578	1
151E	151E	0000005886	00012866	69	13659	1
821	821	0000005889	00013527	41	6544	1
141A	141A	0000005918	00012427	412	2024	1
141B	141B	0000005922	00013330	200	13774	1
151Ab	151Ab	0000005936	00012678	202	698	1
151C	151C	0000005965	00013521	988	11985	1
121121	121121	0000005973	00012208	555	13594	1
111Ca	111Ca	0000005979	00013302	648	19373	1
181B	181B	0000005980	00012874	588	7381	1
151Ac	151Ac	0000005982	00012712	816	10078	1
181D	181D	0000005983	00012879	202	3865	1
151Ac	151Ac	0000005984	00012713	812	1725	1
151Ac	151Ac	0000006000	00012714	683	8143	1
181B	181B	0000006004	00012875	878	9209	1
151E	151E	0000006006	00012867	348	13678	1
181D	181D	0000006007	00012880	191	3432	1
181D	181D	0000006009	00012881	415	15344	1
151Ac	151Ac	0000006010	00013473	236	19597	1
151Ac	151Ac	0000006015	00012715	990	11233	1
181A	181A	0000006027	00012869	908	10375	1
821	821	0000006028	00013127	848	11006	1
211B	211B	0000006050	00013566	468	2873	1
121A	121A	0000006082	00012309	295	15082	1
141C	141C	0000006113	00012520	963	13754	1
141B	141B	0000006115	00012466	466	2757	1
181C	181C	0000006128	00012878	800	6933	1
241B	241B	0000006145	00013038	658	214	1
191	191	0000006147	00012897	949	9018	1
321A	321A	0000006162	00013490	760	1836	1
611	611	0000006191	00013411	756	11263	1
131131	131131	0000006195	00013379	928	3598	1
111Ca	111Ca	0000006207	00012165	849	14147	1
211Ca	211Ca	0000006214	00012946	720	9324	1
181B	181B	0000006215	00012876	700	6892	1
151C	151C	0000006239	00012797	794	8544	1
121C	121C	0000006249	00012228	962	14906	1
151Ab	151Ab	0000006260	00013535	273	11302	1
151Ab	151Ab	0000006261	00013516	957	13739	1
121D	121D	0000006269	00012249	365	7877	1
141C	141C	0000006281	00012521	893	17686	1
111Ca	111Ca	0000006282	00012166	42	108	1
141C	141C	0000006284	00012522	406	7983	1
141C	141C	0000006326	00012523	528	16470	1
141C	141C	0000006331	00012524	515	14064	1
141C	141C	0000006332	00012525	744	13431	1
851A	851A	0000006337	00013162	142	6997	1
141C	141C	0000006354	00012526	229	1118	1
111Bb	111Bb	0000006362	00012132	703	14649	1
851A	851A	0000006363	00013163	941	616	1
141C	141C	0000006369	00013334	644	16562	1
111A	111A	0000006382	00013413	818	1379	1
321A	321A	0000006383	00013491	547	18057	1
321A	321A	0000006390	00013220	868	18293	1
321A	321A	0000006401	00013221	625	9085	1
312	312	0000006403	00013195	857	6065	1
323	323	0000006411	00013242	974	14194	1
121A	121A	0000006428	00012310	225	4658	1
141A	141A	0000006431	00012428	711	684	1
181B	181B	0000006437	00012877	369	4054	1
141A	141A	0000006471	00013383	349	12707	1
141B	141B	0000006472	00013331	25	14737	1
111A	111A	0000006477	00013507	320	5745	1
121A	121A	0000006478	00012311	352	19773	1
121A	121A	0000006479	00013314	978	1845	1
121E	121E	0000006483	00013438	898	4821	1
151B	151B	0000006490	00013519	376	2162	1
111Ca	111Ca	0000006513	00013303	982	5525	1
111Ca	111Ca	0000006514	00013304	721	9889	1
111Ca	111Ca	0000006515	00013305	213	59	1
111Ca	111Ca	0000006517	00013306	133	13280	1
151C	151C	0000006527	00012798	486	15356	1
151C	151C	0000006529	00012799	844	6171	1
151C	151C	0000006530	00013349	734	5878	1
211C	211C	0000006547	00012941	457	16987	1
141D	141D	0000006550	00013090	340	6703	1
141B	141B	0000006564	00013448	933	11343	1
351A	351A	0000006575	00013488	75	10049	1
191	191	0000006589	00012898	864	13647	1
121E	121E	0000006590	00012271	205	19326	1
211A	211A	0000006610	00012922	630	8666	1
141C	141C	0000006613	00013454	727	10307	1
511	511	0000006620	00013091	728	9416	1
141B	141B	0000006622	00012467	903	19985	1
211E	211E	0000006623	00013409	766	5852	1
211B	211B	0000006624	00013530	126	13033	1
141A	141A	0000006625	00012429	883	1771	1
141B	141B	0000006626	00012468	542	6402	1
111Bb	111Bb	0000006633	00012133	593	11433	1
151E	151E	0000006638	00013353	5	4968	1
141C	141C	0000006653	00012527	734	18165	1
141B	141B	0000006661	00012469	577	14100	1
351A	351A	0000006664	00013484	898	6254	1
351B	351B	0000006675	00013487	537	8858	1
181D	181D	0000006680	00012882	182	14565	1
191	191	0000006700	00012899	298	4965	1
511	511	0000006726	00013092	222	12599	1
191	191	0000006731	00012900	175	9003	1
313	313	0000006744	00013294	16	11137	1
310	310	0000006754	00013547	262	13477	1
141C	141C	0000006759	00012528	667	19577	1
131A	131A	0000006762	00013501	682	9263	1
211Cb	211Cb	0000006764	00012957	613	18316	1
141C	141C	0000006765	00012529	313	16519	1
151Ab	151Ab	0000006766	00013563	639	10320	1
211Cb	211Cb	0000006767	00012958	385	3369	1
151B	151B	0000006770	00013274	369	11393	1
131A	131A	0000006783	00012346	522	15151	1
221B	221B	0000006810	00013287	619	1939	1
611	611	0000006816	00013416	271	4494	1
611	611	0000006824	00013095	498	16532	1
151C	151C	0000006829	00012800	253	3883	1
131B	131B	0000006834	00012399	556	17698	1
131131	131131	0000006837	00012336	809	14124	1
141C	141C	0000006843	00013503	298	8412	1
131C	131C	0000006853	00012411	966	1018	1
351B	351B	0000006857	00013263	423	4485	1
191	191	0000006867	00012901	312	3395	1
241B	241B	0000006874	00013039	824	4297	1
131131	131131	0000006877	00012337	828	17733	1
121D	121D	0000006878	00012250	630	6830	1
111Bb	111Bb	0000006882	00012134	233	4937	1
141A	141A	0000006883	00012430	472	7619	1
121E	121E	0000006885	00013440	540	12049	1
141B	141B	0000006933	00013391	810	14779	1
141D	141D	0000006945	00013561	50	17760	1
151Aa	151Aa	0000006946	00012653	983	1961	1
323	323	0000006948	00013296	883	7066	1
151B	151B	0000006951	00013400	337	15020	1
121D	121D	0000006961	00012251	515	947	1
141D	141D	0000006962	00013456	504	14742	1
111Ba	111Ba	0000006963	00013425	755	4151	1
111Ba	111Ba	0000006964	00013426	999	8397	1
111Bb	111Bb	0000006970	00013430	563	12581	1
141C	141C	0000006981	00012530	391	4288	1
111Ca	111Ca	0000006982	00013307	969	18349	1
141C	141C	0000006986	00012531	114	5488	1
141C	141C	0000006990	00012532	544	15170	1
151C	151C	0000006998	00013276	480	9561	1
151C	151C	0000007005	00012801	846	349	1
151C	151C	0000007007	00013406	925	5565	1
151C	151C	0000007009	00013471	493	10267	1
121C	121C	0000007024	00013370	916	6821	1
151B	151B	0000007031	00013345	945	12895	1
320	320	0000007037	00013219	605	13642	1
111Ba	111Ba	0000007041	00013427	504	19835	1
191	191	0000007042	00012902	179	3907	1
141B	141B	0000007043	00012470	993	15976	1
141D	141D	0000007046	00013397	832	5253	1
241C	241C	0000007050	00013570	438	5016	1
151C	151C	0000007059	00013415	206	8561	1
313	313	0000007060	00013203	629	11094	1
313	313	0000007064	00013204	539	13581	1
111Ca	111Ca	0000007065	00012167	471	4759	1
131C	131C	0000007068	00012412	708	9348	1
351351	351351	0000007070	00013483	558	11681	1
121C	121C	0000007079	00013434	634	4329	1
111A	111A	0000007080	00013496	740	1701	1
151C	151C	0000007091	00012802	597	18942	1
111A	111A	0000007092	00013508	766	6008	1
151Ac	151Ac	0000007099	00013564	553	1086	1
141C	141C	0000007102	00012533	483	6382	1
321A	321A	0000007113	00013492	809	17397	1
241C	241C	0000007116	00013062	582	16188	1
211Ca	211Ca	0000007117	00013475	376	2827	1
141C	141C	0000007118	00013393	266	1181	1
111Bb	111Bb	0000007125	00012135	319	11037	1
323	323	0000007133	00013243	715	15798	1
141A	141A	0000007148	00013320	918	10493	1
141A	141A	0000007151	00013321	521	10655	1
141B	141B	0000007155	00013332	424	16763	1
321A	321A	0000007158	00013673	783	19908	1
151B	151B	0000007171	00012748	932	44	1
151B	151B	0000007173	00013465	927	640	1
141D	141D	0000007179	00013534	426	5080	1
131A	131A	0000007185	00013533	965	457	1
141C	141C	0000007193	00013512	162	1943	1
111Ca	111Ca	0000007199	00013308	800	3827	1
141A	141A	0000007207	00012431	157	2015	1
151C	151C	0000007212	00013522	3	6172	1
151C	151C	0000007215	00012803	589	13276	1
121A	121A	0000007217	00012312	579	15743	1
111Bb	111Bb	0000007218	00012136	747	1154	1
151Ac	151Ac	0000007240	00012716	273	12034	1
141C	141C	0000007241	00012534	99	10577	1
141C	141C	0000007245	00013335	120	973	1
151Aa	151Aa	0000007246	00013339	395	9849	1
211Db	211Db	0000007252	00012989	500	2	1
191	191	0000007267	00012903	120	14358	1
211B	211B	0000007271	00013531	884	1367	1
211B	211B	0000007276	00012929	134	13385	1
211B	211B	0000007284	00012930	632	5549	1
141A	141A	0000007290	00013322	907	1215	1
191	191	0000007291	00012904	909	56	1
321A	321A	0000007295	00013493	873	6236	1
151Ac	151Ac	0000007302	00013676	31	17595	1
321A	321A	0000007305	00013222	875	8269	1
310	310	0000007307	00013150	570	2656	1
221B	221B	0000007321	00013006	275	1573	1
331	331	0000007325	00013069	778	6326	1
141C	141C	0000007327	00013394	543	8941	1
141D	141D	0000007343	00013515	704	13605	1
131C	131C	0000007346	00012413	3	8699	1
151C	151C	0000007358	00012804	711	11631	1
121C	121C	0000007368	00012229	864	15331	1
151C	151C	0000007377	00013277	579	7979	1
141A	141A	0000007380	00012432	638	19068	1
111A	111A	0000007384	00013414	111	19768	1
351B	351B	0000007386	00013297	815	13516	1
151Ab	151Ab	0000007391	00012679	880	4731	1
181A	181A	0000007392	00012870	983	4374	1
310	310	0000007395	00013420	126	12163	1
241B	241B	0000007400	00013040	371	10436	1
411	411	0000007405	00013078	511	5194	1
241B	241B	0000007409	00013041	851	11586	1
121D	121D	0000007412	00012252	787	17736	1
151C	151C	0000007416	00013523	78	13757	1
131B	131B	0000007417	00013502	595	7870	1
151B	151B	0000007418	00012749	903	18440	1
181D	181D	0000007419	00012883	481	17048	1
151C	151C	0000007423	00012805	708	3415	1
151C	151C	0000007436	00013278	182	15763	1
231C	231C	0000007437	00013033	818	1678	1
351A	351A	0000007439	00013485	580	4350	1
151Ab	151Ab	0000007447	00012680	883	7924	1
181E	181E	0000007454	00012884	180	12739	1
131B	131B	0000007456	00013446	676	2351	1
181A	181A	0000007462	00012871	910	2103	1
351A	351A	0000007464	00013298	572	13508	1
351C	351C	0000007465	00013489	634	3358	1
141D	141D	0000007470	00013457	586	5203	1
151Aa	151Aa	0000007476	00013462	87	9287	1
351A	351A	0000007485	00013362	63	10878	1
211A	211A	0000007486	00012923	392	2784	1
241B	241B	0000007489	00013356	437	3704	1
131A	131A	0000007520	00012347	535	897	1
151C	151C	0000007523	00012806	985	16082	1
141A	141A	0000007527	00012433	949	9502	1
141A	141A	0000007528	00012434	369	1612	1
141A	141A	0000007529	00013558	1	15541	1
141A	141A	0000007531	00013324	741	12596	1
141A	141A	0000007532	00012435	540	18878	1
141B	141B	0000007533	00012471	760	7504	1
141B	141B	0000007534	00012472	541	15439	1
141B	141B	0000007536	00013449	3	13415	1
141B	141B	0000007537	00013392	909	4087	1
141B	141B	0000007539	00013333	631	10906	1
111A	111A	0000007543	00012060	615	9073	1
111A	111A	0000007544	00012061	128	14602	1
121A	121A	0000007549	00012313	554	11404	1
141A	141A	0000007551	00013325	231	15548	1
141A	141A	0000007554	00013384	671	8507	1
141A	141A	0000007555	00012436	808	16658	1
151Ab	151Ab	0000007564	00013517	457	14547	1
151Ab	151Ab	0000007565	00013518	226	19255	1
151B	151B	0000007567	00012750	793	380	1
151B	151B	0000007568	00013346	267	19691	1
151B	151B	0000007571	00013466	266	4900	1
151B	151B	0000007572	00012751	770	6650	1
151Ac	151Ac	0000007573	00013399	239	9280	1
121D	121D	0000007576	00012253	990	10974	1
111Ba	111Ba	0000007577	00013428	163	7691	1
111Ba	111Ba	0000007578	00012107	646	12301	1
141D	141D	0000007583	00013458	340	6843	1
111Bb	111Bb	0000007588	00012137	498	19626	1
811	811	0000007589	00013481	333	10636	1
141C	141C	0000007592	00012535	475	7584	1
141C	141C	0000007596	00012536	720	7908	1
141C	141C	0000007599	00013560	839	13660	1
141C	141C	0000007605	00013670	921	13347	1
211F	211F	0000007606	00012999	317	7511	1
111Ca	111Ca	0000007607	00013544	362	6734	1
111Ca	111Ca	0000007609	00013309	444	13450	1
111Cb	111Cb	0000007611	00012191	798	18841	1
211F	211F	0000007612	00013000	988	7950	1
111Ca	111Ca	0000007615	00013497	239	3364	1
141C	141C	0000007617	00013513	231	7558	1
121E	121E	0000007620	00012272	461	10666	1
151C	151C	0000007621	00012807	23	13466	1
151B	151B	0000007623	00013467	261	15294	1
151C	151C	0000007627	00013350	825	8675	1
121D	121D	0000007634	00012254	942	6094	1
151C	151C	0000007635	00013472	350	16284	1
121A	121A	0000007637	00013442	640	574	1
121C	121C	0000007640	00013435	154	6888	1
121C	121C	0000007642	00013371	62	12958	1
111Ca	111Ca	0000007645	00013310	163	15273	1
151C	151C	0000007646	00013669	587	6229	1
141A	141A	0000007648	00013385	963	6710	1
151Aa	151Aa	0000007657	00012654	92	1167	1
121E	121E	0000007664	00013441	449	3691	1
321A	321A	0000007672	00013494	164	13029	1
111A	111A	0000007679	00012062	540	17494	1
141D	141D	0000007685	00013504	383	11022	1
351A	351A	0000007689	00013421	260	12421	1
131B	131B	0000007692	00013316	686	3020	1
111Bb	111Bb	0000007698	00012138	978	2434	1
121E	121E	0000007699	00013375	437	13837	1
151Ac	151Ac	0000007702	00013464	297	5449	1
211Da	211Da	0000007705	00013284	70	8333	1
111Ba	111Ba	0000007712	00013429	925	3655	1
131A	131A	0000007713	00012349	107	10374	1
141C	141C	0000007715	00013455	396	1443	1
121E	121E	0000007716	00013529	526	15607	1
141C	141C	0000007717	00013337	936	15887	1
351C	351C	0000007721	00013486	558	6740	1
141A	141A	0000007740	00013386	550	5051	1
141A	141A	0000007742	00013326	472	15161	1
141B	141B	0000007744	00013450	668	14696	1
111A	111A	0000007747	00013368	294	12592	1
111A	111A	0000007749	00012063	771	6130	1
121A	121A	0000007755	00012314	873	1966	1
121E	121E	0000007757	00013376	124	13983	1
151Aa	151Aa	0000007759	00012655	460	8821	1
151Ab	151Ab	0000007762	00012681	728	9332	1
151B	151B	0000007764	00013347	314	7274	1
151B	151B	0000007765	00013468	33	8878	1
121D	121D	0000007768	00013684	664	14747	1
141D	141D	0000007771	00013459	861	9926	1
111Ba	111Ba	0000007773	00012108	316	16140	1
141C	141C	0000007779	00012537	343	19374	1
141B	141B	0000007781	00012473	590	14635	1
141C	141C	0000007782	00013395	689	3695	1
111Cb	111Cb	0000007787	00013498	89	7280	1
151C	151C	0000007790	00013505	591	5542	1
121C	121C	0000007794	00013372	119	5320	1
151C	151C	0000007798	00013351	283	7782	1
323	323	0000007803	00013244	955	19994	1
111Ba	111Ba	0000007810	00012109	351	5922	1
131A	131A	0000007813	00012350	886	18629	1
131131	131131	0000007817	00012339	987	4688	1
351B	351B	0000007819	00013254	335	18092	1
111Ba	111Ba	0000007820	00013509	329	3409	1
191	191	0000007827	00012905	278	17429	1
811	811	0000007828	00013116	241	13876	1
121121	121121	0000007829	00012209	67	12941	1
351A	351A	0000007833	00013255	751	4315	1
121E	121E	0000007834	00013377	723	9038	1
211F	211F	0000007835	00013001	912	16437	1
191	191	0000007836	00012906	434	8941	1
151Aa	151Aa	0000007838	00012656	617	10853	1
131A	131A	0000007847	00012351	288	9232	1
121A	121A	0000007858	00012315	970	8714	1
711A	711A	0000007866	00013101	256	15870	1
131A	131A	0000007867	00012352	618	11705	1
231A	231A	0000007868	00013010	124	4866	1
121E	121E	0000007871	00012273	299	1612	1
111Bb	111Bb	0000007872	00012139	577	19584	1
131131	131131	0000007873	00012340	221	1845	1
811	811	0000007877	00013117	947	4131	1
131A	131A	0000007878	00012353	136	14654	1
121B	121B	0000007883	00012216	561	7248	1
211Da	211Da	0000007886	00012971	631	13722	1
141C	141C	0000007889	00012538	138	12807	1
321A	321A	0000007890	00013223	358	11172	1
141C	141C	0000007896	00012539	474	12165	1
351B	351B	0000007905	00013258	736	15536	1
151B	151B	0000007907	00012752	13	17257	1
312	312	0000007910	00013196	322	2018	1
141C	141C	0000007916	00012540	163	19928	1
151Ab	151Ab	0000007918	00012682	117	4692	1
151Ab	151Ab	0000007919	00012683	28	14500	1
141C	141C	0000007920	00012541	590	14545	1
811	811	0000007923	00013118	941	14320	1
151B	151B	0000007924	00012753	830	15777	1
211Cb	211Cb	0000007925	00012959	492	14105	1
151Ab	151Ab	0000007932	00012684	932	11596	1
141B	141B	0000007933	00012474	275	1917	1
151Ab	151Ab	0000007936	00012685	494	87	1
141B	141B	0000007938	00012475	213	3305	1
131A	131A	0000007941	00012354	24	11611	1
121E	121E	0000007942	00012274	602	17230	1
141C	141C	0000007943	00012542	833	5413	1
151Ab	151Ab	0000007948	00012686	484	11146	1
121C	121C	0000007953	00012230	538	1012	1
191	191	0000007954	00012907	249	10088	1
151Ab	151Ab	0000007955	00012687	17	12938	1
121D	121D	0000007956	00012255	626	7779	1
211A	211A	0000007962	00013474	180	1320	1
241C	241C	0000007964	00013063	58	1104	1
811	811	0000007965	00013119	84	16240	1
141D	141D	0000007966	00012630	210	17439	1
231A	231A	0000007967	00013011	959	9320	1
211Cb	211Cb	0000007968	00012960	426	13954	1
131A	131A	0000007969	00012355	702	9924	1
141C	141C	0000007970	00012543	421	9077	1
821	821	0000007976	00013128	50	17630	1
221B	221B	0000007978	00013007	223	18245	1
211A	211A	0000007979	00012924	102	1666	1
151C	151C	0000007980	00012808	559	8025	1
241B	241B	0000007984	00013042	586	15814	1
141C	141C	0000007987	00012544	467	17865	1
191	191	0000007988	00012908	780	10381	1
351B	351B	0000007989	00013259	751	16692	1
191	191	0000007991	00012909	192	5517	1
141C	141C	0000007997	00012545	602	1934	1
131131	131131	0000007998	00012341	233	2349	1
331	331	0000007999	00013070	134	15356	1
411	411	0000008000	00013079	594	3681	1
121D	121D	0000008001	00012256	304	11329	1
151Ac	151Ac	0000008004	00012717	594	12479	1
131B	131B	0000008005	00012400	751	7683	1
131A	131A	0000008008	00012356	431	1575	1
314B	314B	0000008009	00013217	559	19375	1
131B	131B	0000008011	00012401	937	17852	1
241B	241B	0000008012	00013043	490	601	1
151B	151B	0000008014	00013401	871	995	1
141D	141D	0000008016	00012631	513	18174	1
241B	241B	0000008017	00013044	396	16502	1
121E	121E	0000008020	00012275	506	13437	1
121A	121A	0000008021	00012211	885	1393	1
211Da	211Da	0000008022	00012972	900	3618	1
141C	141C	0000008023	00012546	548	9630	1
211Cb	211Cb	0000008025	00012961	11	15332	1
321A	321A	0000008026	00013224	659	6851	1
313	313	0000008027	00013205	665	16630	1
111Cb	111Cb	0000008029	00012192	731	12273	1
151Ab	151Ab	0000008030	00012688	220	14192	1
211Da	211Da	0000008032	00012973	348	15480	1
211Db	211Db	0000008039	00012990	985	4704	1
151C	151C	0000008041	00012809	675	19930	1
111A	111A	0000008042	00012064	891	15752	1
111Ca	111Ca	0000008044	00012169	383	8430	1
131B	131B	0000008045	00012402	259	7980	1
231B	231B	0000008046	00013020	134	6613	1
111Ba	111Ba	0000008047	00012111	92	5439	1
851A	851A	0000008048	00013164	171	4944	1
821	821	0000008049	00013129	566	9989	1
322	322	0000008050	00013234	12	10991	1
241B	241B	0000008051	00013045	310	6326	1
211Cb	211Cb	0000008053	00012962	356	16912	1
411	411	0000008054	00013080	335	5959	1
211B	211B	0000008059	00012931	729	16357	1
241B	241B	0000008060	00013046	719	5195	1
141B	141B	0000008062	00012476	264	7765	1
151B	151B	0000008063	00012754	372	15376	1
141C	141C	0000008064	00012547	956	3244	1
211Da	211Da	0000008065	00012974	365	449	1
711A	711A	0000008068	00013102	788	18637	1
314A	314A	0000008069	00013212	385	16650	1
841	841	0000008070	00012012	635	3309	1
351351	351351	0000008072	00013252	464	2432	1
711A	711A	0000008073	00013103	288	14312	1
191	191	0000008074	00012910	133	5992	1
141C	141C	0000008076	00012548	440	181	1
211Cb	211Cb	0000008077	00012963	629	1892	1
851B	851B	0000008079	00013166	317	3134	1
241B	241B	0000008080	00013047	420	3141	1
121D	121D	0000008081	00012257	400	15253	1
141C	141C	0000008082	00012549	36	17252	1
211B	211B	0000008084	00012932	642	2856	1
241B	241B	0000008085	00013048	588	14336	1
231C	231C	0000008091	00013034	500	13007	1
131A	131A	0000008092	00012357	635	12863	1
351B	351B	0000008094	00013256	543	5551	1
121C	121C	0000008095	00012231	420	16580	1
211Db	211Db	0000008097	00012991	929	11106	1
151Aa	151Aa	0000008098	00012657	952	1701	1
131A	131A	0000008103	00012358	854	10104	1
711A	711A	0000008104	00013104	24	16320	1
241B	241B	0000008105	00013049	608	13674	1
131C	131C	0000008106	00012414	551	6639	1
841	841	0000008107	00013151	549	4612	1
131B	131B	0000008108	00012403	511	14466	1
141C	141C	0000008110	00012550	149	718	1
121C	121C	0000008111	00012232	281	7269	1
141C	141C	0000008112	00012551	720	11932	1
111A	111A	0000008113	00012065	844	17187	1
141A	141A	0000008114	00012437	595	8750	1
141B	141B	0000008115	00012477	730	2510	1
141A	141A	0000008116	00012438	266	709	1
121D	121D	0000008118	00012258	806	16117	1
141B	141B	0000008119	00012478	962	10336	1
111A	111A	0000008120	00012066	532	7107	1
111A	111A	0000008121	00012067	656	14543	1
141A	141A	0000008122	00012439	620	16368	1
111A	111A	0000008123	00012068	648	18592	1
111A	111A	0000008124	00012069	447	19287	1
141B	141B	0000008125	00012479	902	14139	1
141B	141B	0000008126	00012480	676	8300	1
121A	121A	0000008128	00012316	318	17340	1
141A	141A	0000008129	00012440	529	13925	1
151B	151B	0000008132	00012755	484	11600	1
151Ab	151Ab	0000008134	00012689	568	6833	1
151Ab	151Ab	0000008135	00012690	917	8092	1
151B	151B	0000008138	00012756	204	10637	1
151B	151B	0000008139	00012757	798	4201	1
121E	121E	0000008141	00012276	963	4147	1
151Aa	151Aa	0000008142	00012658	647	13883	1
141C	141C	0000008144	00012552	264	14087	1
211C	211C	0000008145	00012942	392	11504	1
141D	141D	0000008146	00012632	224	17268	1
111Bb	111Bb	0000008148	00012140	162	17159	1
141D	141D	0000008149	00012633	612	16903	1
131A	131A	0000008150	00012359	855	8705	1
151Aa	151Aa	0000008154	00012659	788	7212	1
131A	131A	0000008156	00012360	728	12339	1
131A	131A	0000008158	00012361	141	13467	1
131A	131A	0000008159	00012362	495	1660	1
111Ba	111Ba	0000008160	00012112	816	7223	1
141C	141C	0000008161	00012553	532	6844	1
141C	141C	0000008165	00012554	101	14971	1
141C	141C	0000008166	00012555	327	19043	1
141C	141C	0000008167	00012556	502	8589	1
141C	141C	0000008168	00012557	759	12228	1
141C	141C	0000008169	00012558	267	18668	1
141C	141C	0000008172	00012559	126	1203	1
141C	141C	0000008173	00012560	3	13067	1
141C	141C	0000008175	00012561	257	4929	1
111Ca	111Ca	0000008177	00012170	938	19437	1
151B	151B	0000008180	00012758	802	8891	1
111Ca	111Ca	0000008181	00012171	743	12690	1
111Ca	111Ca	0000008182	00012172	371	14856	1
111Cb	111Cb	0000008183	00012193	974	7192	1
141C	141C	0000008184	00012562	869	16358	1
141C	141C	0000008185	00012563	522	14465	1
151C	151C	0000008190	00012811	244	15153	1
151C	151C	0000008191	00012812	67	11913	1
151C	151C	0000008192	00012813	38	2754	1
151C	151C	0000008194	00012814	305	19085	1
151C	151C	0000008195	00012815	865	6228	1
151C	151C	0000008196	00012816	613	3990	1
151C	151C	0000008198	00012817	446	14151	1
151C	151C	0000008199	00012818	482	15104	1
151C	151C	0000008200	00012819	959	12155	1
151C	151C	0000008201	00012820	895	11415	1
151C	151C	0000008204	00012821	380	15261	1
151C	151C	0000008206	00012822	122	18191	1
121A	121A	0000008208	00012317	123	2061	1
151C	151C	0000008209	00012823	296	2208	1
121C	121C	0000008210	00012233	54	17364	1
111Ca	111Ca	0000008213	00012173	445	5766	1
121E	121E	0000008223	00012277	789	18571	1
151Ab	151Ab	0000008240	00012691	878	6426	1
121B	121B	0000008248	00012217	59	14089	1
111Bb	111Bb	0000008251	00012141	623	9279	1
151B	151B	0000008252	00012759	316	17817	1
111Bb	111Bb	0000008253	00012142	99	537	1
111Bb	111Bb	0000008254	00012143	60	16950	1
841	841	0000008256	00013152	987	1385	1
841	841	0000008257	00013153	848	2400	1
111Bb	111Bb	0000008259	00012144	32	8889	1
151Ab	151Ab	0000008260	00012692	366	1808	1
151Ab	151Ab	0000008261	00012693	505	17708	1
111Bb	111Bb	0000008263	00012145	310	3365	1
141C	141C	0000008264	00012564	318	18898	1
611	611	0000008265	00013096	119	10307	1
312	312	0000008267	00013197	109	12423	1
141C	141C	0000008269	00012565	135	10492	1
241B	241B	0000008270	00013050	420	12321	1
821	821	0000008271	00013130	32	17306	1
141A	141A	0000008273	00012441	741	9141	1
121D	121D	0000008275	00012259	696	15028	1
211Da	211Da	0000008276	00012975	264	7203	1
121D	121D	0000008280	00012260	789	6701	1
121D	121D	0000008282	00012261	301	3918	1
121E	121E	0000008287	00012278	549	8333	1
121C	121C	0000008288	00012234	357	10726	1
841	841	0000008291	00013154	455	14466	1
151B	151B	0000008292	00012760	80	16975	1
211Ca	211Ca	0000008293	00012947	768	14671	1
131A	131A	0000008294	00012363	942	14240	1
111Cb	111Cb	0000008297	00012194	802	2339	1
141A	141A	0000008298	00012442	568	12171	1
141A	141A	0000008300	00012443	75	10537	1
351A	351A	0000008302	00013257	756	8504	1
322	322	0000008304	00013235	259	18489	1
141C	141C	0000008305	00012566	972	12592	1
141C	141C	0000008307	00012567	474	4954	1
141A	141A	0000008311	00012444	233	2864	1
141B	141B	0000008312	00012481	28	1995	1
141A	141A	0000008314	00012445	787	16367	1
121A	121A	0000008316	00012318	364	1884	1
121A	121A	0000008317	00012319	450	1756	1
141A	141A	0000008321	00012446	215	10626	1
141B	141B	0000008322	00012482	349	9478	1
151Ac	151Ac	0000008324	00012718	201	9983	1
131A	131A	0000008325	00013556	27	14203	1
151Ac	151Ac	0000008326	00012719	632	12155	1
151Ac	151Ac	0000008327	00012720	623	4335	1
151B	151B	0000008328	00012761	291	10486	1
151Aa	151Aa	0000008330	00012660	223	5731	1
121E	121E	0000008331	00012279	158	17671	1
151Aa	151Aa	0000008332	00012661	566	17053	1
151Ac	151Ac	0000008335	00012721	977	8278	1
151B	151B	0000008336	00012762	323	13120	1
151Ac	151Ac	0000008337	00012722	793	8233	1
121E	121E	0000008338	00012280	914	3176	1
151Ab	151Ab	0000008340	00012694	810	704	1
131A	131A	0000008342	00012364	855	3426	1
111Bb	111Bb	0000008343	00012146	60	11257	1
141D	141D	0000008344	00012634	790	2574	1
131A	131A	0000008347	00012365	99	18454	1
131A	131A	0000008348	00012366	972	11712	1
111Ba	111Ba	0000008349	00012113	611	5525	1
131A	131A	0000008350	00012367	607	15893	1
131A	131A	0000008351	00012368	30	11312	1
111Ba	111Ba	0000008355	00012114	300	15753	1
131A	131A	0000008356	00012369	954	13450	1
141C	141C	0000008360	00012568	797	16692	1
141C	141C	0000008361	00012569	980	3079	1
141C	141C	0000008362	00012570	16	4455	1
141C	141C	0000008363	00012571	426	12672	1
141C	141C	0000008365	00012572	677	893	1
141C	141C	0000008367	00012573	649	10249	1
141C	141C	0000008369	00012574	236	7894	1
111Ca	111Ca	0000008371	00012174	163	6303	1
211F	211F	0000008372	00013536	404	4798	1
111Ca	111Ca	0000008374	00012175	809	1985	1
111Cb	111Cb	0000008375	00012195	861	13939	1
151C	151C	0000008376	00012824	958	11576	1
151C	151C	0000008377	00012825	541	6405	1
151C	151C	0000008378	00012826	86	18728	1
151C	151C	0000008379	00012827	248	11169	1
151C	151C	0000008381	00012828	931	13572	1
151C	151C	0000008382	00012829	987	927	1
151C	151C	0000008384	00012830	972	4410	1
151C	151C	0000008386	00012831	288	17734	1
151C	151C	0000008389	00012832	871	15497	1
151C	151C	0000008390	00012833	471	3421	1
191	191	0000008391	00012911	793	5578	1
121A	121A	0000008393	00012320	545	15570	1
121E	121E	0000008394	00012281	666	9256	1
323	323	0000008409	00013245	940	12591	1
151Ab	151Ab	0000008410	00012695	965	14777	1
131A	131A	0000008412	00012370	804	16920	1
211F	211F	0000008415	00013537	956	15424	1
111Cb	111Cb	0000008422	00012196	787	11618	1
121B	121B	0000008423	00012218	474	10951	1
151C	151C	0000008425	00012834	693	12827	1
151Ac	151Ac	0000008430	00012723	769	13700	1
321A	321A	0000008432	00013225	71	9801	1
121E	121E	0000008433	00012282	895	7836	1
111Bb	111Bb	0000008435	00012147	680	660	1
131B	131B	0000008438	00012404	986	3768	1
121A	121A	0000008441	00012321	954	4059	1
151Ab	151Ab	0000008442	00012696	67	3340	1
351B	351B	0000008444	00013260	805	190	1
191	191	0000008445	00012912	638	15760	1
191	191	0000008446	00012913	189	6211	1
191	191	0000008449	00012914	354	12173	1
121E	121E	0000008450	00012283	784	18803	1
151B	151B	0000008451	00012763	611	16908	1
141C	141C	0000008453	00012575	44	5180	1
111Cb	111Cb	0000008454	00012197	693	4771	1
121E	121E	0000008455	00012284	215	1964	1
211Ca	211Ca	0000008456	00012948	783	16143	1
323	323	0000008457	00013246	196	13546	1
141C	141C	0000008459	00012576	270	4160	1
121A	121A	0000008460	00012322	563	2386	1
121E	121E	0000008461	00012285	401	10414	1
211Ca	211Ca	0000008462	00012949	182	19117	1
121E	121E	0000008464	00012286	73	11967	1
151B	151B	0000008466	00012764	352	13926	1
181E	181E	0000008467	00012885	495	3743	1
151B	151B	0000008468	00012765	668	19795	1
151B	151B	0000008469	00012766	609	15548	1
131A	131A	0000008470	00013557	460	5887	1
111Bb	111Bb	0000008472	00012148	401	15011	1
121A	121A	0000008473	00012323	630	19202	1
121C	121C	0000008474	00012235	933	657	1
151Ac	151Ac	0000008475	00012724	371	3566	1
121E	121E	0000008478	00012287	21	7654	1
141C	141C	0000008479	00012577	108	18823	1
331	331	0000008480	00013071	29	9346	1
321A	321A	0000008481	00013226	146	14805	1
211Da	211Da	0000008483	00012976	83	786	1
151Ac	151Ac	0000008485	00012725	153	9729	1
211Da	211Da	0000008492	00012977	114	7288	1
211Da	211Da	0000008495	00012978	154	6343	1
111A	111A	0000008496	00012070	814	13998	1
521A	521A	0000008497	00013093	542	757	1
211B	211B	0000008500	00012933	786	14998	1
711A	711A	0000008504	00013105	115	6548	1
351B	351B	0000008505	00013264	946	1302	1
310	310	0000008506	00013188	634	10898	1
711A	711A	0000008507	00013106	620	812	1
313	313	0000008508	00013206	157	17180	1
321B	321B	0000008511	00013230	104	16919	1
141A	141A	0000008512	00013327	512	5830	1
211Ca	211Ca	0000008514	00012950	836	7084	1
111Ca	111Ca	0000008516	00012176	257	6526	1
121E	121E	0000008517	00012288	105	13719	1
141A	141A	0000008519	00012447	68	17204	1
141B	141B	0000008521	00012483	590	2596	1
141D	141D	0000008523	00012635	18	8873	1
211Da	211Da	0000008529	00012979	595	15056	1
321A	321A	0000008530	00013227	80	17374	1
141C	141C	0000008531	00012578	606	8599	1
141A	141A	0000008532	00012448	399	4294	1
851A	851A	0000008536	00013165	566	17397	1
211B	211B	0000008537	00012934	797	19949	1
151C	151C	0000008538	00012835	428	17918	1
141D	141D	0000008539	00012636	621	5222	1
111Ca	111Ca	0000008540	00012177	18	17253	1
141B	141B	0000008543	00012484	704	12747	1
141B	141B	0000008544	00012485	109	19244	1
111Ca	111Ca	0000008545	00012178	488	18790	1
141C	141C	0000008546	00012579	234	2789	1
323	323	0000008548	00013247	211	18976	1
111A	111A	0000008549	00012071	385	5180	1
111A	111A	0000008550	00013300	67	10634	1
851B	851B	0000008551	00013167	827	10782	1
151C	151C	0000008552	00012836	825	15853	1
841	841	0000008558	00012013	559	14679	1
141C	141C	0000008559	00013396	342	4359	1
121C	121C	0000008562	00013436	40	13777	1
141C	141C	0000008565	00012580	786	18230	1
211Cb	211Cb	0000008566	00013532	882	13143	1
111A	111A	0000008567	00012072	506	5145	1
121B	121B	0000008570	00012219	313	8104	1
312	312	0000008572	00013198	565	5330	1
211A	211A	0000008573	00012925	727	1607	1
314B	314B	0000008578	00013218	594	6183	1
521A	521A	0000008579	00013094	473	4811	1
111D	111D	0000008581	00012206	23	19820	1
111Ba	111Ba	0000008582	00012115	597	11647	1
151Ac	151Ac	0000008584	00012726	633	14404	1
151C	151C	0000008585	00012837	616	11710	1
121E	121E	0000008587	00012289	76	7643	1
121A	121A	0000008588	00012324	628	12919	1
311	311	0000008590	00013190	718	6862	1
311	311	0000008591	00013191	206	6388	1
151C	151C	0000008593	00012838	711	19686	1
141C	141C	0000008596	00012581	5	6273	1
141B	141B	0000008598	00012486	129	4918	1
181A	181A	0000008600	00012872	495	8281	1
111Cb	111Cb	0000008601	00012199	832	16698	1
131A	131A	0000008602	00012371	119	15737	1
331	331	0000008603	00013072	338	2494	1
211Ca	211Ca	0000008605	00012951	915	6165	1
141C	141C	0000008608	00012582	968	11011	1
131A	131A	0000008609	00012372	518	16846	1
861	861	0000008610	00013179	959	9962	1
141A	141A	0000008611	00012449	500	19086	1
111A	111A	0000008612	00012073	175	4924	1
111A	111A	0000008613	00012074	121	4400	1
111Ba	111Ba	0000008615	00012116	552	2744	1
141B	141B	0000008617	00012487	416	5887	1
111A	111A	0000008618	00012075	952	18366	1
121E	121E	0000008620	00012290	725	17176	1
211Db	211Db	0000008622	00012992	559	125	1
131A	131A	0000008624	00012373	872	4124	1
821	821	0000008625	00013131	609	4323	1
821	821	0000008626	00013132	293	9245	1
131A	131A	0000008628	00012374	137	16181	1
211Cb	211Cb	0000008630	00012964	154	5033	1
191	191	0000008631	00012915	30	9965	1
111Cb	111Cb	0000008636	00012200	89	10712	1
321B	321B	0000008637	00013231	502	18714	1
241C	241C	0000008639	00013064	556	7162	1
141D	141D	0000008640	00012637	295	13978	1
141D	141D	0000008641	00012638	259	3804	1
111Ba	111Ba	0000008642	00012117	589	9337	1
821	821	0000008643	00013133	176	11794	1
181E	181E	0000008648	00012886	908	19546	1
241C	241C	0000008649	00013065	137	6869	1
151C	151C	0000008650	00012839	64	9537	1
141C	141C	0000008651	00012583	293	9205	1
323	323	0000008653	00013248	94	18782	1
111Bb	111Bb	0000008654	00012149	652	9124	1
211Cb	211Cb	0000008657	00012965	574	588	1
211Ca	211Ca	0000008658	00012952	213	10014	1
821	821	0000008659	00013134	357	7401	1
151E	151E	0000008660	00012868	89	173	1
151B	151B	0000008661	00012767	556	4577	1
121E	121E	0000008663	00012291	200	18515	1
121E	121E	0000008666	00012292	837	18470	1
111Ba	111Ba	0000008667	00012118	418	251	1
131131	131131	0000008668	00012342	205	388	1
141B	141B	0000008673	00012488	861	10954	1
241B	241B	0000008674	00013051	517	7545	1
111Ca	111Ca	0000008675	00012179	704	7314	1
151B	151B	0000008678	00012768	643	15475	1
211Da	211Da	0000008679	00012980	554	18158	1
323	323	0000008681	00013249	868	1097	1
241B	241B	0000008682	00013052	227	1328	1
111Ca	111Ca	0000008683	00012180	25	8545	1
141D	141D	0000008685	00012639	354	13017	1
211Da	211Da	0000008686	00012981	540	14078	1
151C	151C	0000008687	00012840	847	7125	1
211Ca	211Ca	0000008688	00012953	343	18519	1
211Da	211Da	0000008689	00012982	535	404	1
111Cb	111Cb	0000008690	00012201	507	9283	1
841	841	0000008692	00012014	812	2644	1
211B	211B	0000008693	00012935	995	12287	1
211B	211B	0000008694	00012936	731	8865	1
151Ac	151Ac	0000008695	00012727	151	10512	1
191	191	0000008696	00012916	924	10508	1
111Ca	111Ca	0000008697	00013311	717	1165	1
241B	241B	0000008698	00013053	203	3854	1
241B	241B	0000008699	00013054	44	3962	1
241B	241B	0000008700	00013055	271	3649	1
121C	121C	0000008701	00012236	698	11774	1
241C	241C	0000008702	00013478	265	12998	1
331	331	0000008704	00013073	739	928	1
111Ca	111Ca	0000008705	00012181	512	1072	1
141A	141A	0000008707	00012450	87	3028	1
351C	351C	0000008710	00013363	286	15106	1
851A	851A	0000008711	00013419	362	4133	1
711A	711A	0000008712	00013107	868	14027	1
121C	121C	0000008713	00012237	247	8491	1
151Aa	151Aa	0000008714	00013340	1000	1192	1
111Cb	111Cb	0000008715	00013432	316	6790	1
211Db	211Db	0000008718	00012993	433	16171	1
111A	111A	0000008719	00013423	233	2952	1
111A	111A	0000008720	00012076	770	5814	1
111Cb	111Cb	0000008721	00013312	362	16552	1
111A	111A	0000008723	00012077	622	867	1
111Cb	111Cb	0000008724	00013433	45	9305	1
411	411	0000008725	00013081	188	16345	1
241B	241B	0000008726	00013477	652	4286	1
191	191	0000008727	00012917	979	1400	1
131B	131B	0000008728	00012405	12	14068	1
181A	181A	0000008730	00012873	497	13014	1
121C	121C	0000008731	00012238	147	2732	1
211C	211C	0000008732	00012943	717	2903	1
211Da	211Da	0000008733	00012983	840	6214	1
191	191	0000008734	00012918	313	13812	1
241B	241B	0000008735	00013056	610	7269	1
322	322	0000008737	00013236	741	13789	1
121C	121C	0000008738	00012239	314	12133	1
121C	121C	0000008739	00012240	477	13253	1
241B	241B	0000008741	00013057	750	3595	1
131B	131B	0000008742	00012406	394	17194	1
311	311	0000008743	00013192	20	9233	1
322	322	0000008744	00013237	977	9697	1
151B	151B	0000008748	00012769	721	7882	1
151B	151B	0000008749	00012770	283	11860	1
141C	141C	0000008750	00012584	106	8268	1
151Ab	151Ab	0000008751	00012697	641	18790	1
151Ac	151Ac	0000008752	00012728	840	17141	1
151Aa	151Aa	0000008753	00012662	540	5293	1
191	191	0000008754	00012919	938	8123	1
323	323	0000008757	00013250	16	1366	1
321B	321B	0000008758	00013232	804	12909	1
211Da	211Da	0000008759	00012984	227	14393	1
211Da	211Da	0000008760	00012985	454	14269	1
821	821	0000008761	00013135	233	19292	1
141B	141B	0000008762	00012489	25	19376	1
211Da	211Da	0000008764	00012986	759	8392	1
211Ca	211Ca	0000008765	00012954	745	11587	1
111Bb	111Bb	0000008766	00012150	2	11208	1
141C	141C	0000008778	00012585	992	7759	1
331	331	0000008804	00013074	773	19769	1
151B	151B	0000008805	00012771	366	8411	1
111A	111A	0000008810	00012078	605	7642	1
111Bb	111Bb	0000008811	00012151	345	5527	1
111A	111A	0000008812	00012079	129	9426	1
111A	111A	0000008813	00012080	68	16019	1
111A	111A	0000008814	00012081	509	2886	1
121A	121A	0000008815	00012325	270	681	1
111A	111A	0000008816	00012082	265	15370	1
111A	111A	0000008817	00012083	742	18010	1
111A	111A	0000008818	00012084	573	7256	1
111A	111A	0000008819	00012085	121	7857	1
111A	111A	0000008820	00012086	670	13394	1
111A	111A	0000008821	00012087	552	13993	1
111Ba	111Ba	0000008822	00012119	819	12610	1
111Ba	111Ba	0000008823	00012120	166	19698	1
111Cb	111Cb	0000008824	00012202	737	9984	1
111A	111A	0000008825	00012088	87	8815	1
111Cb	111Cb	0000008826	00012203	737	923	1
841	841	0000008828	00013157	247	3211	1
111Ca	111Ca	0000008829	00012182	743	399	1
111Ca	111Ca	0000008831	00012183	396	19137	1
111Cb	111Cb	0000008832	00012205	155	9736	1
121A	121A	0000008834	00012326	766	4338	1
121B	121B	0000008835	00012220	958	10251	1
151Aa	151Aa	0000008836	00012663	797	7456	1
121B	121B	0000008837	00012221	582	2547	1
121B	121B	0000008838	00012222	221	11290	1
121B	121B	0000008839	00012223	912	6154	1
151Aa	151Aa	0000008840	00012664	300	2107	1
121D	121D	0000008841	00012262	939	13279	1
121D	121D	0000008842	00012263	509	1965	1
121D	121D	0000008843	00012264	299	19717	1
121E	121E	0000008844	00012293	909	6524	1
121E	121E	0000008845	00012294	740	3915	1
121A	121A	0000008846	00012327	250	4509	1
131A	131A	0000008847	00012375	774	9734	1
131A	131A	0000008848	00012376	943	17062	1
131A	131A	0000008849	00012377	624	12791	1
131A	131A	0000008850	00012378	463	9725	1
131A	131A	0000008851	00012379	339	9543	1
131A	131A	0000008852	00012380	275	19113	1
131A	131A	0000008853	00012381	601	16294	1
131A	131A	0000008854	00012382	891	13995	1
131A	131A	0000008855	00012383	802	1965	1
141A	141A	0000008856	00012451	567	11613	1
141B	141B	0000008858	00012490	336	17093	1
141C	141C	0000008859	00012586	557	11341	1
141C	141C	0000008860	00012587	407	6363	1
141C	141C	0000008862	00012588	542	9175	1
141C	141C	0000008863	00012589	532	10910	1
141C	141C	0000008864	00012590	155	2745	1
141C	141C	0000008865	00012591	473	14394	1
141C	141C	0000008866	00012592	738	5134	1
141C	141C	0000008867	00012593	356	19095	1
141C	141C	0000008868	00012594	638	2538	1
141C	141C	0000008869	00012595	574	13009	1
141D	141D	0000008872	00012640	170	13188	1
141B	141B	0000008874	00012491	227	16567	1
141D	141D	0000008875	00012642	198	4381	1
141C	141C	0000008876	00012596	20	18836	1
141C	141C	0000008877	00012597	522	4797	1
141C	141C	0000008878	00012598	530	13897	1
141C	141C	0000008879	00012599	317	14634	1
141A	141A	0000008882	00012452	82	10220	1
141B	141B	0000008883	00012492	989	15206	1
151Aa	151Aa	0000008885	00012665	162	16331	1
151Aa	151Aa	0000008886	00012666	647	8175	1
151Ab	151Ab	0000008888	00012698	873	10615	1
151Ab	151Ab	0000008889	00012699	348	108	1
151Ab	151Ab	0000008890	00012700	4	13001	1
151Ab	151Ab	0000008891	00012701	125	2490	1
151Ab	151Ab	0000008892	00012702	724	15094	1
151Ac	151Ac	0000008894	00012729	180	3675	1
151Ac	151Ac	0000008895	00012730	230	11146	1
151B	151B	0000008896	00012772	530	4436	1
151B	151B	0000008897	00012773	347	19382	1
151C	151C	0000008898	00013352	244	6093	1
151B	151B	0000008899	00012774	982	2191	1
151B	151B	0000008900	00012775	840	748	1
151C	151C	0000008901	00012841	454	14784	1
151C	151C	0000008902	00012842	685	8906	1
151C	151C	0000008903	00012843	219	10363	1
151C	151C	0000008904	00012844	565	3268	1
151B	151B	0000008907	00012776	136	19125	1
141C	141C	0000008909	00012600	94	6030	1
141C	141C	0000008910	00012601	625	1631	1
141C	141C	0000008911	00012602	91	13642	1
141B	141B	0000008912	00012493	671	17100	1
111Bb	111Bb	0000008913	00012152	275	7635	1
151C	151C	0000008914	00012845	251	5670	1
151C	151C	0000008915	00012846	60	3167	1
111Bb	111Bb	0000008916	00012153	589	7246	1
151Aa	151Aa	0000008918	00012667	842	425	1
121C	121C	0000008919	00012241	534	10621	1
111Ba	111Ba	0000008920	00012121	388	16580	1
121C	121C	0000008921	00012242	955	3908	1
151Aa	151Aa	0000008922	00012668	347	6392	1
111Ca	111Ca	0000008923	00012184	909	270	1
111A	111A	0000008927	00012089	16	14814	1
111A	111A	0000008928	00012090	42	3155	1
111Ca	111Ca	0000008929	00012185	131	15525	1
151C	151C	0000008930	00012847	240	8324	1
151Ac	151Ac	0000008931	00012731	187	18429	1
111Ba	111Ba	0000008932	00012122	124	1114	1
841	841	0000008934	00013158	434	19073	1
151Ab	151Ab	0000008935	00012703	879	11958	1
151Aa	151Aa	0000008936	00012669	753	1495	1
311	311	0000008937	00013193	677	11598	1
121E	121E	0000008942	00012295	257	19621	1
151Ab	151Ab	0000008943	00012704	982	18048	1
331	331	0000008944	00013075	111	6869	1
141C	141C	0000008945	00012604	61	7181	1
151Aa	151Aa	0000008946	00012670	799	3969	1
151B	151B	0000008949	00012777	562	9330	1
141B	141B	0000008951	00012494	696	18319	1
151Aa	151Aa	0000008953	00012671	921	8485	1
191	191	0000008954	00012920	347	7478	1
141C	141C	0000008955	00012605	990	18623	1
121A	121A	0000008956	00012328	482	11358	1
821	821	0000008957	00013136	925	16751	1
111C	111C	0000008958	00013683	226	7585	1
211B	211B	0000008959	00012937	305	17815	1
211Ca	211Ca	0000008960	00012955	580	16359	1
841	841	0000008961	00013159	252	2736	1
821	821	0000008964	00013138	462	18494	1
131B	131B	0000008966	00012407	344	17438	1
211Cb	211Cb	0000008968	00012966	84	14012	1
313	313	0000008970	00013207	623	6757	1
111A	111A	0000008971	00012091	240	15017	1
211Ca	211Ca	0000008974	00012956	723	14866	1
311	311	0000008975	00013194	932	6985	1
211Cb	211Cb	0000008976	00012944	285	10966	1
841	841	0000008977	00013160	72	736	1
111Ca	111Ca	0000008980	00012186	456	4440	1
821	821	0000008982	00013140	331	8065	1
111A	111A	0000008983	00012092	322	1341	1
351B	351B	0000008984	00013261	55	14994	1
351B	351B	0000008985	00013262	384	15874	1
121C	121C	0000008986	00012243	162	15675	1
211E	211E	0000008987	00012995	35	3984	1
211C	211C	0000008988	00012945	647	18954	1
151Ac	151Ac	0000008989	00012732	125	17780	1
323	323	0000008990	00013251	140	8754	1
211Cb	211Cb	0000008992	00012967	392	15874	1
151Aa	151Aa	0000008994	00013341	332	9639	1
211Da	211Da	0000008995	00013355	615	2458	1
151Aa	151Aa	0000008997	00013342	275	13293	1
121B	121B	0000008998	00012224	842	10826	1
151Ab	151Ab	0000008999	00012705	54	14289	1
321A	321A	0000009031	00013680	516	29	1
111A	111A	0000010001	00012093	924	987	1
121E	121E	0000010005	00012296	601	9417	1
121C	121C	0000010006	00012244	533	17090	1
611	611	0000010007	00013097	723	18926	1
111A	111A	0000010008	00012094	209	7701	1
131A	131A	0000010009	00012384	556	9968	1
611	611	0000010013	00013098	238	1568	1
111A	111A	0000010036	00012095	554	18569	1
141B	141B	0000010037	00012495	295	4417	1
141B	141B	0000010038	00012496	994	7824	1
111A	111A	0000010039	00012096	662	19988	1
111Ba	111Ba	0000010040	00012123	500	1089	1
111Bb	111Bb	0000010042	00012154	709	4975	1
111Bb	111Bb	0000010043	00012155	42	4889	1
111Ca	111Ca	0000010044	00012187	182	10942	1
141A	141A	0000010045	00012453	788	10005	1
111Ba	111Ba	0000010046	00012124	384	18646	1
111Ba	111Ba	0000010047	00012125	357	11885	1
111Ca	111Ca	0000010048	00012188	208	243	1
111A	111A	0000010049	00012097	551	6511	1
111A	111A	0000010051	00012098	255	9951	1
111Bb	111Bb	0000010052	00012156	548	14377	1
111A	111A	0000010053	00012099	243	1619	1
111A	111A	0000010054	00012100	348	12268	1
111A	111A	0000010055	00012101	60	16753	1
111Bb	111Bb	0000010056	00012157	245	4808	1
111Bb	111Bb	0000010057	00012158	897	13652	1
121E	121E	0000010058	00012297	586	1422	1
111A	111A	0000010059	00012102	111	1448	1
121A	121A	0000010060	00012329	109	16612	1
121A	121A	0000010061	00012330	354	19846	1
121D	121D	0000010062	00012265	475	10117	1
121E	121E	0000010063	00012298	666	3105	1
121E	121E	0000010064	00012299	507	14926	1
111A	111A	0000010065	00012103	685	18895	1
121D	121D	0000010066	00012266	268	545	1
321A	321A	0000010067	00013228	754	4329	1
611	611	0000010068	00013099	124	13715	1
121E	121E	0000010069	00012300	14	300	1
121E	121E	0000010070	00012301	440	10158	1
121E	121E	0000010071	00012302	129	9248	1
121E	121E	0000010072	00012303	977	9011	1
111A	111A	0000010073	00013301	285	14118	1
121B	121B	0000010074	00012225	450	988	1
121C	121C	0000010075	00012245	355	18761	1
121D	121D	0000010076	00012267	489	4272	1
131A	131A	0000010077	00012385	905	6660	1
211B	211B	0000010078	00012938	803	10650	1
131A	131A	0000010079	00012386	420	970	1
131A	131A	0000010080	00012387	739	465	1
312	312	0000010081	00013200	992	3921	1
131A	131A	0000010082	00012388	911	16251	1
131A	131A	0000010083	00012389	1000	14925	1
131A	131A	0000010084	00012390	765	5796	1
131A	131A	0000010085	00012391	635	14605	1
131A	131A	0000010086	00012392	267	2106	1
131A	131A	0000010087	00012393	583	2872	1
141C	141C	0000010088	00012606	286	17146	1
141C	141C	0000010089	00012607	755	14939	1
141B	141B	0000010090	00012497	48	5315	1
141C	141C	0000010091	00012608	678	5807	1
141C	141C	0000010092	00012609	296	15122	1
141B	141B	0000010093	00012498	525	18827	1
141A	141A	0000010094	00012454	60	8646	1
141A	141A	0000010095	00012455	380	19558	1
141D	141D	0000010096	00012643	836	3654	1
141C	141C	0000010097	00012610	356	788	1
141C	141C	0000010098	00012611	141	9525	1
141C	141C	0000010099	00012612	977	11997	1
121E	121E	0000010100	00012304	2	16430	1
131A	131A	0000010101	00012394	45	18440	1
141D	141D	0000010102	00012644	469	6096	1
141A	141A	0000010105	00012456	222	12300	1
141C	141C	0000010106	00012613	68	5048	1
141C	141C	0000010107	00012614	801	6030	1
141C	141C	0000010108	00012615	719	13669	1
141C	141C	0000010109	00012616	972	10105	1
141C	141C	0000010110	00012617	779	2014	1
141B	141B	0000010111	00012500	389	17969	1
141B	141B	0000010112	00012501	297	13522	1
141A	141A	0000010113	00012457	211	16229	1
141C	141C	0000010114	00012618	684	17699	1
141C	141C	0000010115	00013545	228	2776	1
121B	121B	0000010116	00012226	268	16684	1
141C	141C	0000010117	00012620	801	2200	1
141A	141A	0000010118	00012458	290	2331	1
241C	241C	0000010119	00013360	373	17589	1
151Ab	151Ab	0000010120	00013344	142	12003	1
141A	141A	0000010121	00013328	24	15608	1
141A	141A	0000010122	00012459	635	6443	1
313	313	0000010123	00013361	895	9810	1
151C	151C	0000010125	00012848	181	4739	1
151C	151C	0000010126	00012849	427	9806	1
151C	151C	0000010127	00012850	480	6958	1
151Ab	151Ab	0000010128	00012706	307	5931	1
151Aa	151Aa	0000010129	00013343	709	5103	1
211F	211F	0000010130	00013002	137	15758	1
151C	151C	0000010131	00012851	578	7824	1
151Ab	151Ab	0000010132	00012707	155	5733	1
151C	151C	0000010133	00012852	612	16759	1
151C	151C	0000010134	00012853	141	18244	1
313	313	0000010135	00013208	20	2832	1
151C	151C	0000010136	00012854	209	713	1
151B	151B	0000010137	00012778	367	14390	1
151B	151B	0000010138	00012779	308	15314	1
151C	151C	0000010139	00012855	210	1222	1
151B	151B	0000010140	00012780	278	18528	1
151B	151B	0000010144	00012781	111	7845	1
151C	151C	0000010146	00012856	466	470	1
151C	151C	0000010148	00012857	878	15579	1
151B	151B	0000010149	00012782	557	8015	1
151Ab	151Ab	0000010150	00012708	99	14586	1
151C	151C	0000010151	00012858	459	15330	1
151Ab	151Ab	0000010152	00012709	987	10137	1
151B	151B	0000010153	00012783	350	11505	1
151C	151C	0000010154	00012859	627	8932	1
151B	151B	0000010155	00012784	263	17953	1
151Aa	151Aa	0000010156	00012672	657	13508	1
151Ac	151Ac	0000010157	00012733	976	12438	1
151Ac	151Ac	0000010158	00012734	414	1989	1
151Ac	151Ac	0000010159	00012735	106	15309	1
151Aa	151Aa	0000010161	00012673	569	10886	1
151C	151C	0000010162	00012860	341	16514	1
121C	121C	0000010163	00012246	39	10770	1
141B	141B	0000010164	00013539	479	6745	1
151C	151C	0000010165	00012861	435	2209	1
121A	121A	0000010173	00013652	800	18218	1
821	821	0000010174	00013665	786	18678	1
821	821	0000010175	00013666	429	1360	1
141B	141B	0000010177	00013658	289	392	1
121E	121E	0000010178	00013538	454	3646	1
821	821	0000010179	00013571	239	17764	1
121C	121C	0000010181	00013553	384	6350	1
241B	241B	0000010182	00013569	76	19940	1
131A	131A	0000010183	00013656	763	13089	1
841	841	0000010184	00013359	630	16202	1
121E	121E	0000010185	00013654	512	14981	1
211Da	211Da	0000010188	00013567	233	7459	1
211Da	211Da	0000010189	00013540	265	18816	1
211Da	211Da	0000010190	00013541	345	11094	1
121C	121C	0000010191	00013554	493	18859	1
311	311	0000010192	00013682	187	11632	1
151Ac	151Ac	0000010193	00013662	337	17057	1
231B	231B	0000010194	00013664	544	17798	1
141A	141A	0000010196	00013657	928	3253	1
141B	141B	0000010197	00013659	986	7198	1
141B	141B	0000010198	00013660	125	8093	1
311	311	0000010199	00013681	821	10639	1
121E	121E	0000010200	00013655	817	18501	1
211E	211E	0000010201	00013663	669	15099	1
121B	121B	0000010202	00013653	252	1437	1
141C	141C	0000010203	00013661	281	19935	1
FFFF	FFFF	1000000001	99999999	837	17302	1
